key
pecorino-romano cheese
pecorino-romano parmigiano-reggiano
pedro jimenez sherry
peel orange
peeled
penne
penne pasta
pepitas
peppadew pepper
peppadew pepper red bell
pepper
pepper flake
pepper garnish
pepper jack
pepper jack cheese
pepper lobster stir-fry sauce
pepper olive oil teaspoon chili flake
pepper powder
pepper relish- recipe
pepper sauce
pepper spice
pepper stir-fry mix
pepper taste
pepper- lemon-flavor
pepper-infuse
peppercorn mill
peppercorns
peppercorns ground pepper
pepperidge farm��� puff pastry shee
peppermint candy
peppermint extract
peppermint patty
pepperoncini
pepperoni
pequen chili powder cayenne pepper
percent cottage cheese
percent greek yogurt
percent lean ground beef
percent lean ground turkey
percent lowfat milk
percent milk
persian cucumber
pesto
petal
petite
petite greens
petite kale baby spinach
petite pea
pheasant
philadelphia cream cheese
phyllo dough
phyllo pastry sheet
phyllo sheet
pickle
pickle chip
pickle juice
pickle parsley
pickle relish
pickle round
pickle spear
picnic-cut
pico de gallo
pie crust
pie crust mix
pie crust pastry
pie dough
pie doughs
pie filling
pie shell
pieces
pig
pig foot
pignole nuts
pignoli nuts
pignoli/pine nuts
pillsbury good��� purpose
pillsbury��� cinnamo
pillsbury��� classic pizza
pilsner lager beer french biere de
pimento
pimento green olive
pimento olive
pimento seed
pimento strip
pimento-stuff green olive
pimento-stuff olive
pimenton
pimenton smoked paprika
pimentos
pimiento pepper
pimiento-stuffed manzanilla olive
pimientos
pine nuts
pine nuts almonds
pineapple
pineapple coconut nectar
pineapple cube
pineapple ice cream topping
pineapple juice
pineapple preserve
pineapple reduction
pineapple ring
pineapple ring juice
pineapple salsa
pineapple tidbit
pineapple wedge garnish
pineapple wine
pineapples
pink
pink bean
pink candy licorice
pink fondant
pink food
pink gel food
pink green peppercorns
pink hawaiian sea salt
pink jordan almonds
pink kidney bean
pink lady
pink orange sprinkle
pink peppercorns
pink radish
pink yellow sugar
pinot grigio
pinto bean
piping gel
piquante pepper
piquillo pepper
piquillo pepper brine
piquillo pepper red
piquillo red bell pepper
piquillo red pepper
pisco
pistachios
pita bread
pita breads
pita chip accompaniment
pitas
pitas roll
pitcher ice
pitted
pitted cherry
pitted date
pitted greek olive
pitted green olive
pitted jumbo olive
pitted kalamata olive
pitted medjool date
pitted olive
pitted olive bins near deli
pitted picholine olive
pitted prune
pitted quality green olive
pizza blend cheese
pizza crust
pizza dough
pizza dough bread
pizza dough homemade
pizza sauce
pizza topping
pizzelle cookie
pizzelle iron
pizzelles
pizzettas
pkg blue cheese
pkg broccoli
pkg chicken breast strip
pkg chili seasoning mix
pkg corn
pkg cream cheese
pkg nestle��� toll house��� oatmeal
pkg oscar mayer ham
pkg pillsbury��� sugar coo
pkg salad greens
pkg taco bell home original seasoning mix
plantain
plantains
planter walnut
plastic
plum
plum preserve
plum sauce
plum tomato
plum tomato beefsteak
plum tomato juice
plum vine tomato
plus
poblano
poblano anaheim pepper
poblano chile
poblano chile pepper
poblano chiles
poblano chilie
poblano mayo
poblano pepper
pocket-less pitas
pod star anise
polenta
pomegranate
pomegranate juice
